"","V1","V2","V3","V4","V5","V6","V7","V8","V9","V10","V11","V12","V13","V14","V15","V16","V17","V18","V19","V20","V21","V22","V23","V24","V25","V26","V27","V28","V29","V30","V31","V32","V33","V34","V35","V36","V37","V38","V39","V40","V41","V42","V43","V44","V45","V46","V47","V48","V49","V50","V51","V52","V53","V54","V55","V56","V57","V58","V59","V60","V61","V62","V63","V64","V65","V66","V67","V68","V69","V70","V71","V72","V73","V74","V75","V76","V77","V78","V79","V80","V81","V82"
"1",1,0,0,0.0443037974683544,0,0,0,0.0806451612903226,0.980263157894737,0.0191082802547771,0,0,0.00324675324675325,0.0032258064516129,0.142405063291139,0,0,0,0,0.956656346749226,0.0382165605095541,0.00980392156862745,0.0188087774294671,0.156862745098039,0.27027027027027,0.353135313531353,0.949044585987261,0.996677740863787,0.00958466453674121,0.983498349834984,0.233766233766234,0.972972972972973,0.0131578947368421,0.9625,0.13265306122449,0.987220447284345,0.0739549839228296,0,0.00634920634920635,0.130841121495327,0.511254019292605,0,0.210526315789474,0.939102564102564,0,0,0,0.0980392156862745,0.866220735785953,0.00315457413249211,0.258785942492013,0,0.0993589743589744,0.306930693069307,0.179738562091503,0,0.965299684542587,0.0225806451612903,0,0,0.040133779264214,0,0,0.807570977917981,0,0.0447284345047923,0.541139240506329,0.976666666666667,0.303405572755418,0,0,0,0,0,0.00974025974025974,0.639871382636656,0.0203389830508475,0.935897435897436,0.951612903225806,0.0408805031446541,0,0
"2",0,1,0.846394984326019,0.782477341389728,0.915915915915916,0.894736842105263,0.921630094043887,0.149847094801223,0,0,0.449044585987261,0.823899371069182,0.630434782608696,0,0,0.919504643962848,0.917763157894737,0.807339449541284,0.933753943217666,0,0,0.0815047021943574,0,0,0.00318471337579618,0,0,0,0.339339339339339,0,0.207951070336391,0,0.382165605095541,0,0,0,0,0.882165605095541,0,0,0,0.978328173374613,0,0,0.0797546012269939,0.941717791411043,0,0,0,0.524539877300613,0.290030211480363,0.91,0.545454545454545,0,0,0.912337662337662,0,0.796969696969697,0.924528301886792,0.923076923076923,0.0482315112540193,0.924012158054711,0.881789137380192,0,0.827044025157233,0.00309597523219814,0,0,0,0.0154320987654321,1,0.916666666666667,0.641509433962264,0.91875,0.761006289308176,0,0,0,0,0,0.786184210526316,1
"3",0,0.846394984326019,1,0.789968652037618,0.940251572327044,0.957236842105263,0.933993399339934,0.0737179487179487,0,0.0544871794871795,0.482200647249191,0.802588996763754,0.798679867986799,0.0688524590163934,0,0.944983818770227,0.758620689655172,0.831715210355987,0.937908496732026,0,0.0557377049180328,0.0451612903225806,0.0754098360655738,0,0.037037037037037,0,0,0,0.386363636363636,0,0.28125,0,0.34983498349835,0,0.0675675675675676,0,0.0679611650485437,0.749152542372881,0.0781758957654723,0.00317460317460317,0,0.829508196721311,0,0,0.116504854368932,0.798701298701299,0.0681818181818182,0.0488599348534202,0,0.690851735015773,0.351437699680511,0.782312925170068,0.488817891373802,0,0,0.934707903780069,0,0.667711598746082,0.767441860465116,0.947194719471947,0.0996677740863787,0.9375,0.916666666666667,0,0.814569536423841,0.0130718954248366,0,0,0,0.0793650793650794,0.852564102564103,0.919732441471572,0.552980132450331,0.94375,0.771043771043771,0,0.0646258503401361,0,0,0.0614886731391586,0.815699658703072,0.897435897435897
"4",0.0443037974683544,0.782477341389728,0.789968652037618,1,0.852852852852853,0.909677419354839,0.862619808306709,0.00308641975308642,0.0325732899022801,0.0060790273556231,0.311526479750779,0.923076923076923,0.784126984126984,0,0.00604229607250755,0.884735202492212,0.667752442996743,0.883076923076923,0.85031847133758,0.0575757575757576,0.00315457413249211,0.0125391849529781,0.0274390243902439,0.00923076923076923,0.0228758169934641,0.0191082802547771,0.0495356037151703,0.0501567398119122,0.306060606060606,0.040625,0.301242236024845,0.0488599348534202,0.137931034482759,0.0309597523219814,0,0.0526315789473684,0,0.66031746031746,0.00311526479750779,0.00914634146341463,0,0.741324921135647,0.0447284345047923,0.0317460317460317,0.0769230769230769,0.734375,0.0128205128205128,0,0.00324675324675325,0.633540372670807,0.40785498489426,0.666666666666667,0.685714285714286,0.00641025641025641,0.012779552715655,0.868852459016393,0.0401234567901235,0.596969696969697,0.759615384615385,0.873065015479876,0.0032258064516129,0.87037037037037,0.906148867313916,0.0738461538461539,0.952978056426332,0,0.0246153846153846,0.029126213592233,0.00606060606060606,0.0247678018575851,0.763636363636364,0.880645161290323,0.417197452229299,0.8875,0.890625,0.043343653250774,0.043046357615894,0.0623052959501558,0.0493827160493827,0.0402476780185759,0.916129032258065,0.803738317757009
"5",0,0.915915915915916,0.940251572327044,0.852852852852853,1,1,1,0.0688622754491018,0,0,0.397553516819572,0.882530120481928,0.721362229102167,0,0,1,0.800623052959502,0.897280966767372,1,0,0,0.0404984423676012,0,0,0.00320512820512821,0,0,0,0.301492537313433,0,0.214067278287462,0,0.295031055900621,0,0,0,0,0.795031055900621,0,0,0,0.886503067484663,0,0,0.0707692307692308,0.874251497005988,0,0,0,0.619335347432024,0.326347305389222,0.823151125401929,0.573170731707317,0,0,1,0,0.706586826347305,0.827586206896552,1,0.0313479623824451,1,0.977987421383648,0,0.900621118012422,0.0031055900621118,0,0,0,0.0149253731343284,0.907462686567164,1,0.563467492260062,1,0.847826086956522,0,0,0,0,0,0.863057324840764,0.930513595166163
"6",0,0.894736842105263,0.957236842105263,0.909677419354839,1,1,0.996688741721854,0.035031847133758,0,0,0.361022364217252,0.898692810457516,0.796774193548387,0,0,1,0.761904761904762,0.925925925925926,0.996732026143791,0,0,0.0226537216828479,0,0,0,0,0,0,0.29073482428115,0,0.278481012658228,0,0.229508196721311,0,0,0,0,0.747540983606557,0,0,0,0.858974358974359,0.0033112582781457,0,0.0769230769230769,0.847402597402597,0,0,0,0.685714285714286,0.374613003095975,0.789830508474576,0.636942675159236,0,0,1,0,0.669781931464174,0.795379537953795,1,0.0131147540983607,0.996825396825397,1,0.00313479623824451,0.932038834951456,0.0032258064516129,0,0,0,0.0125,0.886153846153846,1,0.506535947712418,0.99685534591195,0.872964169381108,0,0,0,0,0,0.897350993377483,0.910543130990415
"7",0,0.921630094043887,0.933993399339934,0.862619808306709,1,0.996688741721854,1,0.069620253164557,0,0,0.390879478827362,0.874608150470219,0.699680511182109,0,0,1,0.816053511705686,0.9,1,0,0,0.0459016393442623,0,0,0.00328947368421053,0,0,0,0.29559748427673,0,0.241157556270096,0,0.278688524590164,0,0,0,0,0.796116504854369,0,0,0,0.886363636363636,0,0,0.0595611285266458,0.873015873015873,0,0,0,0.6,0.352564102564103,0.820069204152249,0.603833865814696,0,0,1,0,0.719626168224299,0.842105263157895,1,0.0363036303630363,1,0.977564102564103,0,0.88961038961039,0,0,0,0,0.00952380952380952,0.916149068322981,1,0.543689320388349,1,0.837209302325581,0,0,0,0,0,0.86,0.938110749185668
"8",0.0806451612903226,0.149847094801223,0.0737179487179487,0.00308641975308642,0.0688622754491018,0.035031847133758,0.069620253164557,1,0.0576923076923077,0.021021021021021,0.401253918495298,0.0245398773006135,0.003125,0.0252365930599369,0.562310030395137,0.0672782874617737,0.283387622149837,0.0155763239875389,0.0766773162939297,0.0688622754491018,0.0186335403726708,0.874608150470219,0.0185185185185185,0.784810126582278,0.0445859872611465,0.564668769716088,0.0493827160493827,0.0632911392405063,0.0646153846153846,0.0566037735849057,0.139751552795031,0.0468227424749164,0.471518987341772,0.0492307692307692,0.00980392156862745,0.0493827160493827,0.00946372239747634,0.298412698412698,0.009375,0.739811912225705,0.594855305466238,0.206896551724138,0.632911392405063,0.128526645768025,0.25705329153605,0.191489361702128,0,0.012779552715655,0.161290322580645,0.113149847094801,0.286604361370716,0.267558528428094,0.155555555555556,0.779935275080906,0.329073482428115,0.0543130990415335,0.0953846153846154,0.370820668693009,0.220125786163522,0.0495356037151703,0.0886075949367089,0.065015479876161,0.0473186119873817,0.00911854103343465,0.00311526479750779,0.531446540880503,0.0335365853658537,0.0418006430868167,0.733532934131736,0.0889570552147239,0.172205438066465,0.0569620253164557,0.566153846153846,0.0658307210031348,0.0477707006369427,0.140243902439024,0.0196078431372549,0.100946372239748,0.0557275541795666,0.028125,0.0191082802547771,0.144200626959248
"9",0.980263157894737,0,0,0.0325732899022801,0,0,0,0.0576923076923077,1,0.022508038585209,0,0,0,0.0194174757281553,0.131410256410256,0,0,0,0,0.984025559105431,0.0453074433656958,0.00996677740863787,0.0165562913907285,0.161184210526316,0.182724252491694,0.337704918032787,0.974193548387097,0.97682119205298,0,0.983552631578947,0.150470219435737,0.993243243243243,0,0.984025559105431,0.113333333333333,1,0.0622950819672131,0,0.00318471337579618,0.109375,0.514851485148515,0,0.209150326797386,0.941368078175896,0.0128617363344051,0,0.0128617363344051,0.0993589743589744,0.943521594684385,0.00319488817891374,0.174193548387097,0,0.141955835962145,0.288524590163934,0.173202614379085,0,0.951612903225806,0,0,0,0.0198019801980198,0,0,0.807570977917981,0,0.0447284345047923,0.533123028391167,1,0.319875776397516,0.00970873786407767,0,0,0,0,0,0.640625,0.0102040816326531,0.947882736156352,0.959247648902821,0.0188679245283019,0,0
"10",0.0191082802547771,0,0.0544871794871795,0.0060790273556231,0,0,0,0.021021021021021,0.022508038585209,1,0.2,0.00609756097560976,0.195046439628483,0.846625766871166,0.240121580547112,0,0,0.0243161094224924,0,0.0208333333333333,0.974522292993631,0.0471698113207547,0.919504643962848,0.0217391304347826,0.682539682539683,0.0284810126582278,0.0489296636085627,0.0186335403726708,0.558912386706949,0.0222222222222222,0.237654320987654,0.0293159609120521,0.371875,0.0526315789473684,0.821428571428571,0.0275229357798165,0.940251572327044,0,0.981424148606811,0.16,0.0189873417721519,0,0.0342679127725857,0.0219435736677116,0.604863221884498,0,0.898089171974522,0.908517350157729,0.0454545454545455,0.197568389057751,0.00609756097560976,0,0.00311526479750779,0.022508038585209,0.417445482866044,0,0.0395136778115502,0,0,0,0.911111111111111,0,0,0.192660550458716,0,0.304761904761905,0.486153846153846,0.0222929936305732,0.0453172205438066,0.752293577981651,0,0,0,0,0.003125,0.227692307692308,0.938311688311688,0.059375,0.0785498489425982,0.928125,0.0124223602484472,0
"11",0,0.449044585987261,0.482200647249191,0.311526479750779,0.397553516819572,0.361022364217252,0.390879478827362,0.401253918495298,0,0.2,1,0.323899371069182,0.391447368421053,0.261290322580645,0.0959752321981424,0.435736677115987,0.636666666666667,0.340625,0.415584415584416,0,0.172077922077922,0.452768729641694,0.213592233009709,0.237654320987654,0.118421052631579,0.105431309904153,0,0,0.465625,0,0.258899676375405,0,0.683006535947712,0,0.206666666666667,0,0.176848874598071,0.612179487179487,0.258899676375405,0.323809523809524,0.032258064516129,0.516233766233766,0.136363636363636,0.00628930817610063,0.427672955974843,0.55379746835443,0.249211356466877,0.144230769230769,0,0.597444089456869,0.13015873015873,0.595890410958904,0.0865384615384615,0.250825082508251,0.0422077922077922,0.384615384615385,0.00625,0.566978193146417,0.565359477124183,0.415094339622642,0.233552631578947,0.378548895899054,0.364820846905537,0.0158227848101266,0.293548387096774,0.16025641025641,0,0,0.173252279635258,0.373040752351097,0.5,0.392156862745098,0.68370607028754,0.409677419354839,0.25,0.193146417445483,0.205387205387205,0,0,0.193037974683544,0.333333333333333,0.504761904761905
"12",0,0.823899371069182,0.802588996763754,0.923076923076923,0.882530120481928,0.898692810457516,0.874608150470219,0.0245398773006135,0,0.00609756097560976,0.323899371069182,1,0.746835443037975,0.003125,0,0.88125,0.705685618729097,0.925465838509317,0.873417721518987,0.00619195046439629,0.00946372239747634,0.00967741935483871,0.0526315789473684,0,0,0,0,0,0.366771159874608,0.00323624595469256,0.230283911671924,0,0.207667731629393,0,0.00332225913621262,0,0,0.721875,0.00615384615384615,0.00623052959501558,0,0.795527156549521,0.0411392405063291,0,0.119122257053292,0.753012048192771,0.0252365930599369,0.00636942675159236,0,0.603715170278638,0.282608695652174,0.722033898305085,0.688679245283019,0,0,0.888524590163934,0,0.651090342679128,0.767515923566879,0.878125,0.00967741935483871,0.875389408099688,0.914012738853503,0.028125,0.978193146417445,0,0.00311526479750779,0,0,0.0338461538461538,0.789634146341463,0.887096774193548,0.453968253968254,0.875,0.967845659163987,0.00307692307692308,0.059016393442623,0.0062111801242236,0,0.046583850931677,0.970394736842105,0.820987654320988
"13",0.00324675324675325,0.630434782608696,0.798679867986799,0.784126984126984,0.721362229102167,0.796774193548387,0.699680511182109,0.003125,0,0.195046439628483,0.391447368421053,0.746835443037975,1,0.21405750798722,0.0348101265822785,0.755485893416928,0.53,0.730407523510972,0.709150326797386,0.0154320987654321,0.212025316455696,0.0132890365448505,0.245283018867925,0,0.138047138047138,0,0,0.00324675324675325,0.511041009463722,0.0099009900990099,0.339622641509434,0,0.183870967741935,0,0.21523178807947,0,0.203883495145631,0.503267973856209,0.229773462783172,0.0126582278481013,0,0.570967741935484,0.0189873417721519,0,0.19620253164557,0.570977917981073,0.221498371335505,0.184126984126984,0,0.739811912225705,0.338607594936709,0.549488054607508,0.52411575562701,0,0.0709677419354839,0.722222222222222,0.00308641975308642,0.429467084639498,0.57516339869281,0.745222929936306,0.217821782178218,0.720858895705521,0.762987012987013,0.0309597523219814,0.791666666666667,0.060702875399361,0.0815047021943574,0,0,0.209375,0.63125,0.714765100671141,0.33968253968254,0.764150943396226,0.708860759493671,0.00636942675159236,0.250871080139373,0.0224358974358974,0,0.253164556962025,0.777777777777778,0.698717948717949
"14",0.0032258064516129,0,0.0688524590163934,0,0,0,0,0.0252365930599369,0.0194174757281553,0.846625766871166,0.261290322580645,0.003125,0.21405750798722,1,0.373831775700935,0,0,0.0347003154574132,0,0.0122324159021407,0.811501597444089,0.146417445482866,0.831804281345566,0.134796238244514,0.649180327868852,0.14873417721519,0.0249221183800623,0.00636942675159236,0.538461538461538,0.00325732899022801,0.37037037037037,0.0296052631578947,0.251633986928105,0.04,0.813504823151125,0.0157728706624606,0.837662337662338,0.00325732899022801,0.882165605095541,0.0895061728395062,0.029126213592233,0.00320512820512821,0.143769968051118,0,0.514285714285714,0,0.945337620578778,0.798722044728435,0.0427631578947368,0.188271604938272,0.136222910216718,0,0.0453074433656958,0.00952380952380952,0.542763157894737,0,0.0185185185185185,0.0031055900621118,0,0,0.795454545454545,0,0,0.0660377358490566,0,0.490384615384615,0.447852760736196,0.0226537216828479,0.0455927051671733,0.862068965517241,0,0,0.00321543408360129,0,0.00643086816720257,0.0993788819875776,0.798013245033113,0.0222929936305732,0.0285714285714286,0.822429906542056,0.0131147540983607,0
"15",0.142405063291139,0,0,0.00604229607250755,0,0,0,0.562310030395137,0.131410256410256,0.240121580547112,0.0959752321981424,0,0.0348101265822785,0.373831775700935,1,0,0.0387096774193548,0,0,0.173252279635258,0.243827160493827,0.605015673981191,0.199386503067485,0.775700934579439,0.42671009771987,0.679245283018868,0.155963302752294,0.14375,0.0212765957446809,0.134185303514377,0.238390092879257,0.191419141914191,0.065625,0.206686930091185,0.352564102564103,0.155963302752294,0.308411214953271,0.0447284345047923,0.208722741433022,0.558912386706949,0.593059936908517,0.00934579439252336,0.626959247648903,0.145510835913313,0.291925465838509,0.00604229607250755,0.314984709480122,0.389776357827476,0.272435897435897,0.0122324159021407,0.398773006134969,0.0366666666666667,0.168224299065421,0.562893081761006,0.799363057324841,0,0.132307692307692,0.0725075528700906,0.0317460317460317,0,0.228295819935691,0,0,0.125,0.00313479623824451,0.796875,0.414634146341463,0.170418006430868,0.600591715976331,0.263803680981595,0,0,0.20820189274448,0,0,0.136222910216718,0.173202614379085,0.102803738317757,0.116564417177914,0.227414330218069,0,0
"16",0,0.919504643962848,0.944983818770227,0.884735202492212,1,1,1,0.0672782874617737,0,0,0.435736677115987,0.88125,0.755485893416928,0,0,1,0.823920265780731,0.901234567901235,1,0,0,0.0418006430868167,0,0,0.00327868852459016,0,0,0,0.357142857142857,0,0.217948717948718,0,0.283870967741935,0,0,0,0,0.796774193548387,0,0,0,0.879365079365079,0,0,0.0911949685534591,0.865625,0,0,0,0.653125,0.310344827586207,0.823333333333333,0.555205047318612,0,0,1,0,0.720496894409938,0.847133757961783,1,0.0390879478827362,1,0.974358974358974,0,0.902208201892745,0.00324675324675325,0,0,0,0.015527950310559,0.915151515151515,1,0.55448717948718,1,0.845161290322581,0,0,0,0,0,0.873376623376623,0.93125
"17",0,0.917763157894737,0.758620689655172,0.667752442996743,0.800623052959502,0.761904761904762,0.816053511705686,0.283387622149837,0,0,0.636666666666667,0.705685618729097,0.53,0,0.0387096774193548,0.823920265780731,1,0.688102893890675,0.828859060402685,0,0,0.202749140893471,0,0.0690789473684211,0.0102040816326531,0,0,0,0.325657894736842,0,0.133116883116883,0,0.52901023890785,0,0,0,0,0.986577181208054,0,0.07,0,0.912162162162162,0,0,0.140939597315436,0.866449511400652,0,0,0,0.465798045602606,0.20655737704918,0.981949458483754,0.379661016949153,0.0707070707070707,0,0.810526315789474,0,0.915309446254072,0.986206896551724,0.818481848184819,0.0662251655629139,0.800664451827243,0.766101694915254,0,0.705685618729097,0.00673400673400673,0,0,0.00964630225080386,0.0129449838187702,0.928104575163399,0.795847750865052,0.802675585284281,0.795379537953795,0.658940397350993,0,0,0,0,0,0.661971830985915,0.907590759075908
"18",0,0.807339449541284,0.831715210355987,0.883076923076923,0.897280966767372,0.925925925925926,0.9,0.0155763239875389,0,0.0243161094224924,0.340625,0.925465838509317,0.730407523510972,0.0347003154574132,0,0.901234567901235,0.688102893890675,1,0.881619937694704,0,0,0.0345911949685535,0.043613707165109,0.003125,0,0.00314465408805031,0,0,0.36,0,0.28391167192429,0,0.192429022082019,0,0.0412698412698413,0,0,0.68944099378882,0.0404984423676012,0.0338461538461538,0,0.769230769230769,0.0754716981132075,0,0.149390243902439,0.766153846153846,0.0584615384615385,0,0,0.645645645645646,0.343558282208589,0.711475409836066,0.66358024691358,0,0.00309597523219814,0.913183279742765,0,0.634441087613293,0.736677115987461,0.892638036809816,0.00323624595469256,0.887537993920973,0.925233644859813,0.024024024024024,0.950617283950617,0.0457317073170732,0,0,0.0029940119760479,0.0725075528700906,0.797546012269939,0.901639344262295,0.441640378548896,0.888888888888889,0.910543130990415,0.0121951219512195,0.0325732899022801,0,0,0.0121212121212121,0.935483870967742,0.81733746130031
"19",0,0.933753943217666,0.937908496732026,0.85031847133758,1,0.996732026143791,1,0.0766773162939297,0,0,0.415584415584416,0.873417721518987,0.709150326797386,0,0,1,0.828859060402685,0.881619937694704,1,0,0,0.0490196078431373,0,0,0.0033112582781457,0,0,0,0.323809523809524,0,0.236421725239617,0,0.333333333333333,0,0,0,0,0.79672131147541,0,0,0,0.889250814332248,0,0,0.0679611650485437,0.889589905362776,0,0,0,0.616352201257862,0.33125,0.835616438356164,0.565916398713826,0,0,1,0,0.726415094339623,0.851132686084142,1,0.0327868852459016,1,0.97741935483871,0,0.896440129449838,0.00325732899022801,0,0,0,0.0093167701863354,0.927051671732523,1,0.583061889250814,1,0.836601307189543,0,0,0,0,0,0.855218855218855,0.948387096774194
"20",0.956656346749226,0,0,0.0575757575757576,0,0,0,0.0688622754491018,0.984025559105431,0.0208333333333333,0,0.00619195046439629,0.0154320987654321,0.0122324159021407,0.173252279635258,0,0,0,0,1,0.0372670807453416,0.0250783699059561,0.0424242424242424,0.150159744408946,0.271241830065359,0.363636363636364,0.933130699088146,0.964968152866242,0.0180722891566265,0.981308411214953,0.272151898734177,0.974358974358974,0,0.945454545454545,0.136507936507936,0.978260869565217,0.0709876543209877,0,0.00934579439252336,0.13134328358209,0.493630573248408,0,0.260061919504644,0.899686520376176,0.0184049079754601,0,0.0219435736677116,0.116719242902208,0.848387096774194,0.00898203592814371,0.301538461538462,0,0.111801242236025,0.274447949526814,0.206451612903226,0,0.921686746987952,0.0120845921450151,0,0,0.0378548895899054,0,0,0.788990825688073,0,0.0752351097178683,0.549079754601227,0.959119496855346,0.298192771084337,0.0151057401812689,0,0,0,0,0.0250783699059561,0.641104294478528,0.0261437908496732,0.943396226415094,0.909090909090909,0.0378548895899054,0.00967741935483871,0
"21",0.0382165605095541,0,0.0557377049180328,0.00315457413249211,0,0,0,0.0186335403726708,0.0453074433656958,0.974522292993631,0.172077922077922,0.00946372239747634,0.212025316455696,0.811501597444089,0.243827160493827,0,0,0,0,0.0372670807453416,1,0.0127388535031847,0.930817610062893,0.0453074433656958,0.68370607028754,0.0286624203821656,0.0603174603174603,0.0506329113924051,0.557632398753894,0.0580645161290323,0.218649517684887,0.0480769230769231,0.387301587301587,0.0769230769230769,0.794117647058823,0.0471698113207547,0.961904761904762,0.00326797385620915,0.971061093247588,0.134146341463415,0.0387096774193548,0.00649350649350649,0,0.0444444444444444,0.540880503144654,0,0.877358490566038,0.915360501567398,0.0733333333333333,0.152905198776758,0,0,0.00314465408805031,0.0352564102564103,0.41025641025641,0,0.069620253164557,0.00634920634920635,0,0,0.928571428571429,0,0,0.218461538461538,0,0.285714285714286,0.478395061728395,0.0588235294117647,0.0363636363636364,0.707317073170732,0,0,0.00316455696202532,0,0.0161290322580645,0.210526315789474,0.943708609271523,0.0836012861736334,0.10062893081761,0.95046439628483,0.00655737704918033,0
"22",0.00980392156862745,0.0815047021943574,0.0451612903225806,0.0125391849529781,0.0404984423676012,0.0226537216828479,0.0459016393442623,0.874608150470219,0.00996677740863787,0.0471698113207547,0.452768729641694,0.00967741935483871,0.0132890365448505,0.146417445482866,0.605015673981191,0.0418006430868167,0.202749140893471,0.0345911949685535,0.0490196078431373,0.0250783699059561,0.0127388535031847,1,0.0225806451612903,0.862295081967213,0.033112582781457,0.63258785942492,0.0222222222222222,0.00970873786407767,0.0727848101265823,0.00955414012738853,0.256410256410256,0.0168918918918919,0.386363636363636,0.025,0.0606060606060606,0.0192926045016077,0.00958466453674121,0.213333333333333,0.0387096774193548,0.825949367088608,0.517915309446254,0.112179487179487,0.720394736842105,0.0638977635782748,0.37785016286645,0.152866242038217,0.090032154340836,0.0321543408360129,0.136212624584718,0.231012658227848,0.32,0.186206896551724,0.182410423452769,0.76797385620915,0.377926421404682,0.0341296928327645,0.0284810126582278,0.269592476489028,0.172638436482085,0.0392156862745098,0.0267558528428094,0.0483870967741935,0.0258899676375405,0.0254777070063694,0.00638977635782748,0.628664495114006,0.025,0.00977198697068404,0.736842105263158,0.277070063694268,0.0987261146496815,0.04,0.488448844884488,0.0479233226837061,0.00983606557377049,0.264331210191083,0.0238095238095238,0.00980392156862745,0.0191082802547771,0.00315457413249211,0.0236486486486486,0.0872274143302181
"23",0.0188087774294671,0,0.0754098360655738,0.0274390243902439,0,0,0,0.0185185185185185,0.0165562913907285,0.919504643962848,0.213592233009709,0.0526315789473684,0.245283018867925,0.831804281345566,0.199386503067485,0,0,0.043613707165109,0,0.0424242424242424,0.930817610062893,0.0225806451612903,1,0.0162337662337662,0.622149837133551,0.0257234726688103,0.0157728706624606,0.0220820189274448,0.655487804878049,0.0387096774193548,0.313664596273292,0.0196078431372549,0.359872611464968,0.0185185185185185,0.797385620915033,0.0124610591900312,0.901273885350318,0,0.972307692307692,0.0920245398773006,0.00967741935483871,0,0.0287539936102236,0.00940438871473354,0.542319749216301,0,0.909090909090909,0.824281150159744,0.00327868852459016,0.174454828660436,0.0404984423676012,0,0.0441640378548896,0.00321543408360129,0.344370860927152,0,0.0280373831775701,0.0122699386503067,0.00638977635782748,0,0.911764705882353,0,0,0.125382262996942,0.0380952380952381,0.329113924050633,0.390909090909091,0.00958466453674121,0.0184049079754601,0.741538461538462,0,0,0,0,0.0705128205128205,0.114285714285714,0.970394736842105,0.0761904761904762,0.035031847133758,0.962732919254658,0.059016393442623,0
"24",0.156862745098039,0,0,0.00923076923076923,0,0,0,0.784810126582278,0.161184210526316,0.0217391304347826,0.237654320987654,0,0,0.134796238244514,0.775700934579439,0,0.0690789473684211,0.003125,0,0.150159744408946,0.0453074433656958,0.862295081967213,0.0162337662337662,1,0.12621359223301,0.816393442622951,0.178125,0.149206349206349,0,0.143322475570033,0.240625,0.176079734219269,0.222950819672131,0.2,0.0759075907590759,0.161392405063291,0.0580645161290323,0.0779220779220779,0.00970873786407767,0.79874213836478,0.724919093851133,0,0.760517799352751,0.203174603174603,0.221518987341772,0.0507936507936508,0.0743034055727554,0.104430379746835,0.297385620915033,0.0778816199376947,0.401234567901235,0.0618556701030928,0.187898089171975,0.868589743589744,0.543130990415335,0,0.174846625766871,0.122257053291536,0.0512820512820513,0,0.00983606557377049,0,0,0.139318885448916,0.00315457413249211,0.716129032258065,0.136507936507936,0.181528662420382,0.864197530864197,0.164133738601824,0,0,0.342857142857143,0,0,0.289308176100629,0,0.134375,0.14375,0.0153846153846154,0,0
"25",0.27027027027027,0.00318471337579618,0.037037037037037,0.0228758169934641,0.00320512820512821,0,0.00328947368421053,0.0445859872611465,0.182724252491694,0.682539682539683,0.118421052631579,0,0.138047138047138,0.649180327868852,0.42671009771987,0.00327868852459016,0.0102040816326531,0,0.0033112582781457,0.271241830065359,0.68370607028754,0.033112582781457,0.622149837133551,0.12621359223301,1,0.18,0.268211920529801,0.284280936454849,0.270358306188925,0.25,0.299674267100977,0.308724832214765,0.191419141914191,0.318611987381703,0.820945945945946,0.277777777777778,0.719869706840391,0.00986842105263158,0.652459016393443,0.150159744408946,0.178807947019868,0.0206185567010309,0.128378378378378,0.19016393442623,0.475728155339806,0.00328947368421053,0.657051282051282,0.8125,0.207482993197279,0.0709677419354839,0.213114754098361,0.0036231884057971,0.00662251655629139,0.116504854368932,0.623333333333333,0.00341296928327645,0.240506329113924,0.0189873417721519,0.00332225913621262,0.00327868852459016,0.658703071672355,0.00327868852459016,0.00336700336700337,0.301948051948052,0.00332225913621262,0.355048859934853,0.712025316455696,0.243243243243243,0.12779552715655,0.504731861198738,0.00321543408360129,0.00344827586206897,0.0196078431372549,0,0.00673400673400673,0.282051282051282,0.595070422535211,0.22508038585209,0.212624584717608,0.682692307692308,0.00328947368421053,0
"26",0.353135313531353,0,0,0.0191082802547771,0,0,0,0.564668769716088,0.337704918032787,0.0284810126582278,0.105431309904153,0,0,0.14873417721519,0.679245283018868,0,0,0.00314465408805031,0,0.363636363636364,0.0286624203821656,0.63258785942492,0.0257234726688103,0.816393442622951,0.18,1,0.39413680781759,0.344155844155844,0,0.343537414965986,0.354838709677419,0.389830508474576,0.0809061488673139,0.354430379746835,0.109634551495017,0.380327868852459,0.050314465408805,0,0.0130293159609121,0.630769230769231,0.721311475409836,0,0.903846153846154,0.387096774193548,0.201277955271566,0,0.0894039735099338,0.0870967741935484,0.406143344709898,0.104430379746835,0.498402555910543,0,0.201954397394137,0.691558441558442,0.560655737704918,0,0.324074074074074,0.0245398773006135,0,0,0.00657894736842105,0,0,0.299363057324841,0.0032258064516129,0.583061889250814,0.19375,0.373770491803279,0.766153846153846,0.189102564102564,0,0,0.165584415584416,0,0,0.338509316770186,0.00338983050847458,0.306451612903226,0.303225806451613,0.0062111801242236,0,0
"27",0.949044585987261,0,0,0.0495356037151703,0,0,0,0.0493827160493827,0.974193548387097,0.0489296636085627,0,0,0,0.0249221183800623,0.155963302752294,0,0,0,0,0.933130699088146,0.0603174603174603,0.0222222222222222,0.0157728706624606,0.178125,0.268211920529801,0.39413680781759,1,0.95859872611465,0,0.954983922829582,0.270440251572327,0.959459459459459,0,0.953271028037383,0.157556270096463,0.975460122699387,0.0872274143302181,0,0.00949367088607595,0.155963302752294,0.482539682539683,0,0.246753246753247,0.910828025477707,0.0319488817891374,0,0.0254777070063694,0.122977346278317,0.833887043189369,0.0185758513931889,0.290123456790123,0,0.128526645768025,0.286624203821656,0.211356466876972,0,0.898148148148148,0,0,0,0.0191082802547771,0,0,0.832298136645963,0,0.0664556962025316,0.533742331288344,0.97427652733119,0.309090909090909,0.021875,0,0,0,0,0,0.658461538461538,0.0101351351351351,0.89873417721519,0.93730407523511,0.032258064516129,0,0
"28",0.996677740863787,0,0,0.0501567398119122,0,0,0,0.0632911392405063,0.97682119205298,0.0186335403726708,0,0,0.00324675324675325,0.00636942675159236,0.14375,0,0,0,0,0.964968152866242,0.0506329113924051,0.00970873786407767,0.0220820189274448,0.149206349206349,0.284280936454849,0.344155844155844,0.95859872611465,1,0.00318471337579618,0.989966555183946,0.275974025974026,0.972972972972973,0.0065359477124183,0.959501557632399,0.135313531353135,0.987179487179487,0.0798722044728434,0,0.00634920634920635,0.110759493670886,0.490066225165563,0,0.220064724919094,0.936908517350158,0.00316455696202532,0,0.00645161290322581,0.100323624595469,0.825503355704698,0.00632911392405063,0.30188679245283,0,0.116129032258065,0.270967741935484,0.181229773462783,0,0.966049382716049,0.0125786163522013,0,0,0.039344262295082,0,0,0.835913312693498,0,0.0463576158940397,0.5375,0.980519480519481,0.271604938271605,0.00311526479750779,0,0,0,0,0.0129032258064516,0.64,0.0165016501650165,0.935691318327974,0.937106918238994,0.0407523510971787,0,0
"29",0.00958466453674121,0.339339339339339,0.386363636363636,0.306060606060606,0.301492537313433,0.29073482428115,0.29559748427673,0.0646153846153846,0,0.558912386706949,0.465625,0.366771159874608,0.511041009463722,0.538461538461538,0.0212765957446809,0.357142857142857,0.325657894736842,0.36,0.323809523809524,0.0180722891566265,0.557632398753894,0.0727848101265823,0.655487804878049,0,0.270358306188925,0,0,0.00318471337579618,1,0.0192307692307692,0.4,0,0.490384615384615,0.00306748466257669,0.461538461538462,0,0.507788161993769,0.306709265175719,0.677316293929712,0.0936555891238671,0,0.334394904458599,0.0319488817891374,0,0.326219512195122,0.288401253918495,0.577639751552795,0.403785488958991,0.00325732899022801,0.426829268292683,0.095679012345679,0.323232323232323,0.152647975077882,0,0.0443037974683544,0.299674267100977,0.0188679245283019,0.310030395136778,0.311111111111111,0.306501547987616,0.558064516129032,0.301242236024845,0.301948051948052,0.0790273556231003,0.335423197492163,0.183279742765273,0.0555555555555556,0,0,0.573208722741433,0.343558282208589,0.301948051948052,0.245283018867925,0.309148264984227,0.377777777777778,0.084375,0.678688524590164,0.053125,0.0246913580246914,0.577639751552795,0.378289473684211,0.357366771159875
"30",0.983498349834984,0,0,0.040625,0,0,0,0.0566037735849057,0.983552631578947,0.0222222222222222,0,0.00323624595469256,0.0099009900990099,0.00325732899022801,0.134185303514377,0,0,0,0,0.981308411214953,0.0580645161290323,0.00955414012738853,0.0387096774193548,0.143322475570033,0.25,0.343537414965986,0.954983922829582,0.989966555183946,0.0192307692307692,1,0.231270358306189,0.973244147157191,0.00324675324675325,0.953271028037383,0.111486486486486,0.980769230769231,0.0885245901639344,0,0.0130293159609121,0.114649681528662,0.475409836065574,0,0.209302325581395,0.927868852459016,0.00309597523219814,0,0.00977198697068404,0.110749185667752,0.849180327868852,0.00319488817891374,0.264984227129338,0,0.115755627009646,0.270096463022508,0.192182410423453,0,0.952681388012618,0.00641025641025641,0,0,0.039344262295082,0,0,0.826923076923077,0,0.0422077922077922,0.540372670807453,0.980327868852459,0.279503105590062,0.00626959247648903,0,0,0,0,0.0198675496688742,0.626198083067093,0.0305084745762712,0.950980392156863,0.942675159235669,0.045016077170418,0.00671140939597315,0
"31",0.233766233766234,0.207951070336391,0.28125,0.301242236024845,0.214067278287462,0.278481012658228,0.241157556270096,0.139751552795031,0.150470219435737,0.237654320987654,0.258899676375405,0.230283911671924,0.339622641509434,0.37037037037037,0.238390092879257,0.217948717948718,0.133116883116883,0.28391167192429,0.236421725239617,0.272151898734177,0.218649517684887,0.256410256410256,0.313664596273292,0.240625,0.299674267100977,0.354838709677419,0.270440251572327,0.275974025974026,0.4,0.231270358306189,1,0.255813953488372,0.169278996865204,0.188087774294671,0.26537216828479,0.277258566978193,0.208860759493671,0.116504854368932,0.325077399380805,0.18944099378882,0.140575079872204,0.161392405063291,0.389240506329114,0.163461538461538,0.150943396226415,0.191950464396285,0.361370716510903,0.141065830721003,0.0718954248366013,0.326018808777429,0.711180124223602,0.160409556313993,0.303125,0.143302180685358,0.194805194805195,0.262458471760797,0.195046439628483,0.107361963190184,0.174050632911392,0.253164556962025,0.205211726384365,0.252336448598131,0.255591054313099,0.235294117647059,0.254838709677419,0.367924528301887,0.123839009287926,0.186119873817035,0.144144144144144,0.422018348623853,0.191950464396285,0.252491694352159,0.115755627009646,0.26625386996904,0.227564102564103,0.175548589341693,0.268456375838926,0.273015873015873,0.174454828660436,0.230061349693252,0.255737704918033,0.194888178913738
"32",0.972972972972973,0,0,0.0488599348534202,0,0,0,0.0468227424749164,0.993243243243243,0.0293159609120521,0,0,0,0.0296052631578947,0.191419141914191,0,0,0,0,0.974358974358974,0.0480769230769231,0.0168918918918919,0.0196078431372549,0.176079734219269,0.308724832214765,0.389830508474576,0.959459459459459,0.972972972972973,0,0.973244147157191,0.255813953488372,1,0,0.977917981072555,0.164429530201342,0.996644295302013,0.0792079207920792,0,0.0132450331125828,0.143322475570033,0.518900343642612,0,0.256849315068493,0.917218543046358,0.0199335548172757,0,0.0231023102310231,0.137123745819398,0.870629370629371,0.00651465798045603,0.281967213114754,0,0.122112211221122,0.288524590163934,0.214521452145215,0,0.93312101910828,0,0,0,0.0202702702702703,0,0,0.810289389067524,0,0.079734219269103,0.556270096463023,0.989966555183946,0.307692307692308,0.0162866449511401,0,0,0,0,0,0.652459016393443,0.00704225352112676,0.915824915824916,0.924398625429553,0.0260586319218241,0,0
"33",0.0131578947368421,0.382165605095541,0.34983498349835,0.137931034482759,0.295031055900621,0.229508196721311,0.278688524590164,0.471518987341772,0,0.371875,0.683006535947712,0.207667731629393,0.183870967741935,0.251633986928105,0.065625,0.283870967741935,0.52901023890785,0.192429022082019,0.333333333333333,0,0.387301587301587,0.386363636363636,0.359872611464968,0.222950819672131,0.191419141914191,0.0809061488673139,0,0.0065359477124183,0.490384615384615,0.00324675324675325,0.169278996865204,0,1,0,0.221122112211221,0,0.311111111111111,0.551155115511551,0.389240506329114,0.31875,0.0535117056856187,0.442307692307692,0.0855263157894737,0.029126213592233,0.320512820512821,0.436305732484076,0.275641025641026,0.234323432343234,0.00326797385620915,0.303125,0.0727848101265823,0.522033898305085,0.0192926045016077,0.24025974025974,0,0.284280936454849,0.0467289719626168,0.565079365079365,0.441269841269841,0.28525641025641,0.442953020134228,0.276729559748428,0.235294117647059,0.128526645768025,0.156351791530945,0.0803858520900322,0,0,0.167701863354037,0.285714285714286,0.407523510971787,0.253333333333333,0.639344262295082,0.272131147540984,0.192926045016077,0.225396825396825,0.39,0.0483870967741935,0.0418006430868167,0.344827586206897,0.191419141914191,0.389240506329114
"34",0.9625,0,0,0.0309597523219814,0,0,0,0.0492307692307692,0.984025559105431,0.0526315789473684,0,0,0,0.04,0.206686930091185,0,0,0,0,0.945454545454545,0.0769230769230769,0.025,0.0185185185185185,0.2,0.318611987381703,0.354430379746835,0.953271028037383,0.959501557632399,0.00306748466257669,0.953271028037383,0.188087774294671,0.977917981072555,0,1,0.194267515923567,0.978193146417445,0.119122257053292,0,0.0126182965299685,0.164634146341463,0.528125,0,0.196825396825397,0.925696594427245,0.031055900621118,0,0.0371517027863777,0.180124223602484,0.904458598726115,0.00611620795107034,0.21580547112462,0,0.111111111111111,0.320872274143302,0.239747634069401,0,0.927492447129909,0,0,0,0.0351437699680511,0,0,0.809230769230769,0,0.0759493670886076,0.603658536585366,0.978328173374613,0.343283582089552,0.024390243902439,0,0,0,0,0,0.681957186544342,0.0066006600660066,0.882352941176471,0.947040498442368,0.033434650455927,0,0
"35",0.13265306122449,0,0.0675675675675676,0,0,0,0,0.00980392156862745,0.113333333333333,0.821428571428571,0.206666666666667,0.00332225913621262,0.21523178807947,0.813504823151125,0.352564102564103,0,0,0.0412698412698413,0,0.136507936507936,0.794117647058823,0.0606060606060606,0.797385620915033,0.0759075907590759,0.820945945945946,0.109634551495017,0.157556270096463,0.135313531353135,0.461538461538462,0.111486486486486,0.26537216828479,0.164429530201342,0.221122112211221,0.194267515923567,1,0.128617363344051,0.827814569536424,0,0.829508196721311,0.186495176848875,0.12624584717608,0,0.0891089108910891,0.0983606557377049,0.56953642384106,0,0.847402597402597,0.897350993377483,0.172297297297297,0.190322580645161,0.0707395498392283,0,0.00643086816720257,0.0957095709570957,0.541379310344828,0,0.125806451612903,0,0,0,0.75,0,0,0.187301587301587,0,0.41,0.624605678233438,0.147157190635452,0.0990415335463259,0.718446601941748,0,0,0,0,0.00673400673400673,0.200647249190939,0.756849315068493,0.07,0.118032786885246,0.794117647058823,0.0101694915254237,0
"36",0.987220447284345,0,0,0.0526315789473684,0,0,0,0.0493827160493827,1,0.0275229357798165,0,0,0,0.0157728706624606,0.155963302752294,0,0,0,0,0.978260869565217,0.0471698113207547,0.0192926045016077,0.0124610591900312,0.161392405063291,0.277777777777778,0.380327868852459,0.975460122699387,0.987179487179487,0,0.980769230769231,0.277258566978193,0.996644295302013,0,0.978193146417445,0.128617363344051,1,0.0749185667752443,0,0.00613496932515337,0.127725856697819,0.509615384615385,0,0.254716981132075,0.923076923076923,0.0127388535031847,0,0.0126182965299685,0.126582278481013,0.861736334405145,0.00306748466257669,0.296636085626911,0,0.109677419354839,0.26537216828479,0.182965299684543,0,0.956112852664577,0,0,0,0.016025641025641,0,0,0.85,0,0.0380952380952381,0.557632398753894,1,0.306306306306306,0.00628930817610063,0,0,0,0,0,0.669753086419753,0.00664451827242525,0.933544303797468,0.953125,0.0276073619631902,0,0
"37",0.0739549839228296,0,0.0679611650485437,0,0,0,0,0.00946372239747634,0.0622950819672131,0.940251572327044,0.176848874598071,0,0.203883495145631,0.837662337662338,0.308411214953271,0,0,0,0,0.0709876543209877,0.961904761904762,0.00958466453674121,0.901273885350318,0.0580645161290323,0.719869706840391,0.050314465408805,0.0872274143302181,0.0798722044728434,0.507788161993769,0.0885245901639344,0.208860759493671,0.0792079207920792,0.311111111111111,0.119122257053292,0.827814569536424,0.0749185667752443,1,0,0.943217665615142,0.102803738317757,0.0662460567823344,0,0.00974025974025974,0.0737179487179487,0.562300319488818,0,0.875796178343949,0.926751592356688,0.103678929765886,0.13166144200627,0.00634920634920635,0,0.00313479623824451,0.053968253968254,0.477124183006536,0,0.0987654320987654,0,0,0,0.917763157894737,0,0,0.185410334346505,0,0.32484076433121,0.558730158730159,0.0977198697068404,0.0701219512195122,0.68944099378882,0,0,0,0,0.00657894736842105,0.17515923566879,0.903010033444816,0.0801282051282051,0.126182965299685,0.937106918238994,0.00335570469798658,0
