"","V1","V2","V3","V4","V5","V6","V7","V8","V9","V10","V11","V12","V13","V14","V15","V16","V17","V18","V19","V20","V21","V22","V23","V24","V25","V26","V27","V28","V29","V30","V31","V32","V33","V34","V35","V36","V37","V38","V39","V40","V41","V42","V43","V44","V45","V46","V47","V48","V49","V50","V51","V52","V53","V54","V55","V56","V57","V58","V59","V60","V61","V62","V63","V64","V65","V66","V67","V68","V69","V70","V71","V72","V73","V74","V75","V76","V77","V78","V79","V80","V81","V82"
"1",1,0,0,0.069620253164557,0,0,0,0.561290322580645,0.963815789473684,0.0859872611464968,0,0,0,0.0548387096774194,0.569620253164557,0,0,0,0,0.972136222910217,0.165605095541401,0.330065359477124,0.115987460815047,0.797385620915033,0.415540540540541,0.900990099009901,0.949044585987261,1,0.0255591054313099,0.966996699669967,0.198051948051948,0.966216216216216,0.0427631578947368,0.9875,0.30952380952381,0.964856230031949,0.205787781350482,0,0.0317460317460317,0.613707165109034,0.971061093247588,0,0.703947368421053,0.990384615384615,0.00974025974025974,0,0.0288461538461538,0.284313725490196,0.946488294314381,0.0126182965299685,0.217252396166134,0,0.115384615384615,0.940594059405941,0.555555555555556,0,0.981072555205047,0.032258064516129,0,0,0.123745819397993,0,0,0.873817034700315,0.0065359477124183,0.121405750798722,0.588607594936709,0.96,0.860681114551084,0.00636942675159236,0,0,0,0,0.0292207792207792,0.810289389067524,0.0779661016949153,0.935897435897436,0.951612903225806,0.169811320754717,0,0
"2",0,1,0.887147335423197,0.867069486404834,0.990990990990991,0.987616099071207,0.987460815047022,0.357798165137615,0,0,0.64968152866242,0.949685534591195,0.711180124223602,0.003125,0,0.987616099071207,1,0.880733944954128,0.987381703470032,0,0,0.369905956112853,0,0,0.00955414012738853,0,0,0,0.351351351351351,0,0.342507645259939,0,0.512738853503185,0,0,0,0,1,0,0,0,0.996904024767802,0.09375,0,0.0920245398773006,0.993865030674847,0,0,0,0.638036809815951,0.658610271903323,1,0.752351097178683,0,0,0.99025974025974,0,0.954545454545455,0.99685534591195,0.993846153846154,0.0739549839228296,0.987841945288754,0.987220447284345,0,0.930817610062893,0.0123839009287926,0,0,0,0.0216049382716049,1,0.990384615384615,0.990566037735849,0.990625,0.871069182389937,0,0.039344262295082,0,0,0,0.868421052631579,1
"3",0,0.887147335423197,1,0.780564263322884,0.908805031446541,0.898026315789474,0.884488448844885,0.272435897435897,0,0.0993589743589744,0.773462783171521,0.844660194174757,0.854785478547855,0.108196721311475,0,0.915857605177994,0.896551724137931,0.792880258899676,0.908496732026144,0,0.0983606557377049,0.403225806451613,0.114754098360656,0,0.0572390572390572,0,0,0,0.464285714285714,0,0.478125,0,0.63036303630363,0,0.0371621621621622,0,0.110032362459547,0.901694915254237,0.127035830618893,0.0349206349206349,0,0.878688524590164,0.0298013245033113,0,0.187702265372168,0.883116883116883,0.113636363636364,0.0293159609120521,0,0.782334384858044,0.584664536741214,0.904761904761905,0.610223642172524,0,0,0.893470790378007,0,0.84012539184953,0.880398671096346,0.907590759075908,0.176079734219269,0.891447368421053,0.896666666666667,0.00320512820512821,0.821192052980132,0.124183006535948,0,0,0,0.123809523809524,0.900641025641026,0.869565217391304,0.880794701986755,0.90625,0.771043771043771,0,0.149659863945578,0,0,0.103559870550162,0.798634812286689,0.913461538461538
"4",0.069620253164557,0.867069486404834,0.780564263322884,1,0.858858858858859,0.92258064516129,0.878594249201278,0.209876543209877,0.0488599348534202,0.00911854103343465,0.514018691588785,0.904615384615385,0.777777777777778,0.00617283950617284,0.0241691842900302,0.88785046728972,0.843648208469055,0.852307692307692,0.866242038216561,0.0818181818181818,0.00630914826498423,0.297805642633229,0.0518292682926829,0.0184615384615385,0.0163398692810458,0.0636942675159236,0.065015479876161,0.0846394984326019,0.348484848484849,0.084375,0.428571428571429,0.0716612377850163,0.35423197492163,0.0526315789473684,0.0163398692810458,0.0773993808049536,0.012779552715655,0.86984126984127,0.0311526479750779,0.0457317073170732,0.0620915032679739,0.861198738170347,0.188498402555911,0.0857142857142857,0.0861538461538462,0.8625,0.0416666666666667,0.0159235668789809,0.0487012987012987,0.633540372670807,0.719033232628399,0.861952861952862,0.796825396825397,0.0641025641025641,0.0287539936102236,0.891803278688525,0.0740740740740741,0.839393939393939,0.881410256410256,0.891640866873065,0.00967741935483871,0.87962962962963,0.886731391585761,0.0646153846153846,0.949843260188088,0.0287539936102236,0.0246153846153846,0.0517799352750809,0.0303030303030303,0.0526315789473684,0.860606060606061,0.883870967741936,0.856687898089172,0.890625,0.878125,0.043343653250774,0.0993377483443709,0.0903426791277259,0.0648148148148148,0.0557275541795666,0.906451612903226,0.884735202492212
"5",0,0.990990990990991,0.908805031446541,0.858858858858859,1,1,1,0.350299401197605,0,0,0.645259938837921,0.957831325301205,0.718266253869969,0.0031055900621118,0,1,0.987538940809969,0.885196374622356,1,0,0,0.370716510903427,0,0,0.00961538461538462,0,0,0,0.346268656716418,0,0.324159021406728,0,0.531055900621118,0,0,0,0,0.990683229813665,0,0,0,0.984662576687117,0.0743034055727554,0,0.0953846153846154,0.985029940119761,0,0,0,0.643504531722054,0.634730538922156,0.990353697749196,0.73780487804878,0,0,1,0,0.946107784431138,0.987460815047022,1,0.0783699059561129,1,1,0.00298507462686567,0.934782608695652,0.015527950310559,0,0,0,0.0119402985074627,0.991044776119403,1,0.978328173374613,1,0.869565217391304,0,0.0327868852459016,0,0,0,0.875796178343949,0.993957703927492
"6",0,0.987616099071207,0.898026315789474,0.92258064516129,1,1,1,0.302547770700637,0,0,0.638977635782748,0.970588235294118,0.774193548387097,0.00320512820512821,0,1,0.982993197278912,0.916666666666667,1,0,0,0.355987055016181,0,0,0.00332225913621262,0,0,0,0.357827476038339,0,0.370253164556962,0,0.465573770491803,0,0,0,0,0.986885245901639,0,0,0,0.980769230769231,0.0860927152317881,0,0.0961538461538462,0.983766233766234,0,0,0,0.685714285714286,0.687306501547988,0.986440677966102,0.777070063694268,0,0,1,0,0.940809968847352,0.986798679867987,1,0.0491803278688525,1,1,0.00313479623824451,0.961165048543689,0.00967741935483871,0,0,0,0.0125,0.987692307692308,1,0.973856209150327,1,0.908794788273616,0,0.0439189189189189,0,0,0,0.927152317880795,0.990415335463259
"7",0,0.987460815047022,0.884488448844885,0.878594249201278,1,1,1,0.354430379746835,0,0,0.638436482084691,0.962382445141066,0.718849840255591,0.00320512820512821,0,1,0.983277591973244,0.89375,1,0,0,0.370491803278689,0,0,0.00986842105263158,0,0,0,0.320754716981132,0,0.353697749196141,0,0.508196721311475,0,0,0,0,0.98705501618123,0,0,0,0.980519480519481,0.0870967741935484,0,0.0971786833855799,0.980952380952381,0,0,0,0.640625,0.676282051282051,0.986159169550173,0.769968051118211,0,0,1,0,0.950155763239875,0.983552631578947,1,0.066006600660066,1,1,0.00314465408805031,0.935064935064935,0.0162337662337662,0,0,0,0.0126984126984127,0.987577639751553,1,0.97411003236246,1,0.880398671096346,0,0.037542662116041,0,0,0,0.876666666666667,0.990228013029316
"8",0.561290322580645,0.357798165137615,0.272435897435897,0.209876543209877,0.350299401197605,0.302547770700637,0.354430379746835,1,0.612179487179487,0.0630630630630631,0.263322884012539,0.285276073619632,0.096875,0.082018927444795,0.306990881458967,0.324159021406728,0.400651465798046,0.2398753894081,0.338658146964856,0.547904191616767,0.0900621118012422,0.429467084639498,0.126543209876543,0.537974683544304,0.124203821656051,0.536277602523659,0.524691358024691,0.515822784810127,0.187692307692308,0.553459119496855,0.108695652173913,0.525083612040134,0.370253164556962,0.48,0.0751633986928105,0.512345679012346,0.0694006309148265,0.365079365079365,0.0625,0.300940438871473,0.559485530546624,0.394984326018809,0.572784810126582,0.557993730407524,0.122257053291536,0.367781155015198,0.0625,0.0830670926517572,0.5,0.186544342507645,0.230529595015576,0.344481605351171,0.349206349206349,0.543689320388349,0.306709265175719,0.325878594249201,0.532307692307692,0.425531914893617,0.323899371069182,0.315789473684211,0.170886075949367,0.318885448916409,0.324921135646688,0.407294832826748,0.264797507788162,0.106918238993711,0.231707317073171,0.517684887459807,0.544910179640719,0.0797546012269939,0.374622356495468,0.348101265822785,0.378461538461538,0.335423197492163,0.296178343949045,0.414634146341463,0.127450980392157,0.589905362776025,0.504643962848297,0.109375,0.238853503184713,0.344827586206897
"9",0.963815789473684,0,0,0.0488599348534202,0,0,0,0.612179487179487,1,0.0964630225080386,0,0,0,0.0711974110032362,0.57051282051282,0,0,0,0,0.971246006389776,0.177993527508091,0.362126245847176,0.0695364238410596,0.875,0.368770764119601,0.940983606557377,0.996774193548387,0.97682119205298,0,0.967105263157895,0.163009404388715,0.996621621621622,0.0131578947368421,0.993610223642173,0.296666666666667,0.996825396825397,0.216393442622951,0,0.0382165605095541,0.615625,0.973597359735974,0,0.764705882352941,0.98371335504886,0.045016077170418,0,0.0578778135048231,0.294871794871795,0.973421926910299,0.00958466453674121,0.164516129032258,0,0.167192429022082,0.950819672131147,0.558823529411765,0,0.941935483870968,0.00317460317460317,0,0,0.0891089108910891,0,0,0.886435331230284,0.00657894736842105,0.130990415335463,0.56782334384858,1,0.91304347826087,0.0420711974110032,0,0,0,0,0.00677966101694915,0.840625,0.0238095238095238,0.912052117263844,0.946708463949843,0.141509433962264,0,0
"10",0.0859872611464968,0,0.0993589743589744,0.00911854103343465,0,0,0,0.0630630630630631,0.0964630225080386,1,0.31875,0.00609756097560976,0.235294117647059,0.94478527607362,0.468085106382979,0,0,0.0668693009118541,0,0.0833333333333333,0.945859872611465,0.248427672955975,0.835913312693498,0.220496894409938,0.66984126984127,0.104430379746835,0.113149847094801,0.077639751552795,0.558912386706949,0.0920634920634921,0.327160493827161,0.110749185667752,0.46875,0.117647058823529,0.779220779220779,0.100917431192661,0.905660377358491,0,0.96594427244582,0.430769230769231,0.110759493670886,0,0.130841121495327,0.0846394984326019,0.881458966565349,0,0.942675159235669,0.839116719242902,0.13961038961039,0.325227963525836,0.0579268292682927,0,0.0280373831775701,0.112540192926045,0.482866043613707,0,0.100303951367781,0,0,0,0.879365079365079,0,0,0.241590214067278,0,0.828571428571429,0.538461538461538,0.101910828025478,0.220543806646526,0.90519877675841,0,0,0.00316455696202532,0,0.021875,0.295384615384615,0.892857142857143,0.1125,0.145015105740181,0.878125,0.0527950310559006,0
"11",0,0.64968152866242,0.773462783171521,0.514018691588785,0.645259938837921,0.638977635782748,0.638436482084691,0.263322884012539,0,0.31875,1,0.616352201257862,0.628289473684211,0.332258064516129,0.00619195046439629,0.667711598746082,0.696666666666667,0.63125,0.659090909090909,0,0.262987012987013,0.55700325732899,0.300970873786408,0.0185185185185185,0.121710526315789,0.0159744408945687,0,0,0.659375,0,0.605177993527508,0,0.722222222222222,0,0.196666666666667,0,0.234726688102894,0.666666666666667,0.388349514563107,0.231746031746032,0.00645161290322581,0.649350649350649,0.11038961038961,0,0.459119496855346,0.655063291139241,0.359621451104101,0.131410256410256,0.0132890365448505,0.840255591054313,0.403174603174603,0.684931506849315,0.397435897435897,0.0165016501650165,0.00649350649350649,0.632107023411371,0.003125,0.616822429906542,0.666666666666667,0.676100628930818,0.351973684210526,0.637223974763407,0.641693811074919,0.0443037974683544,0.551612903225806,0.314102564102564,0,0,0.0151975683890578,0.385579937304075,0.682926829268293,0.637254901960784,0.68370607028754,0.664516129032258,0.493506493506494,0.0934579439252336,0.37037037037037,0,0.0158227848101266,0.256329113924051,0.583333333333333,0.685714285714286
"12",0,0.949685534591195,0.844660194174757,0.904615384615385,0.957831325301205,0.970588235294118,0.962382445141066,0.285276073619632,0,0.00609756097560976,0.616352201257862,1,0.743670886075949,0.00625,0,0.95625,0.939799331103679,0.91304347826087,0.958860759493671,0,0.00630914826498423,0.348387096774194,0.0340557275541796,0.003125,0.00967741935483871,0,0,0,0.391849529780564,0,0.365930599369085,0,0.469648562300319,0,0,0,0,0.94375,0.0184615384615385,0.00623052959501558,0,0.942492012779553,0.104430379746835,0,0.134796238244514,0.939759036144578,0.0220820189274448,0.00318471337579618,0,0.61609907120743,0.627329192546584,0.942372881355932,0.773584905660377,0,0,0.954098360655738,0,0.919003115264797,0.955414012738854,0.9625,0.0516129032258065,0.962616822429907,0.95859872611465,0.00625,0.965732087227414,0.0189274447949527,0,0,0,0.0430769230769231,0.945121951219512,0.954838709677419,0.936507936507937,0.95625,0.92604501607717,0.00615384615384615,0.0786885245901639,0.0031055900621118,0,0.0372670807453416,0.924342105263158,0.95679012345679
"13",0,0.711180124223602,0.854785478547855,0.777777777777778,0.718266253869969,0.774193548387097,0.718849840255591,0.096875,0,0.235294117647059,0.628289473684211,0.743670886075949,1,0.226837060702875,0.069620253164557,0.761755485893417,0.693333333333333,0.711598746081505,0.741830065359477,0.00925925925925926,0.208860759493671,0.352159468438538,0.273584905660377,0.0448717948717949,0.107744107744108,0,0.00320512820512821,0,0.498422712933754,0.0132013201320132,0.540880503144654,0.00334448160535117,0.467741935483871,0,0.149006622516556,0,0.220064724919094,0.702614379084967,0.281553398058252,0.0886075949367089,0,0.683870967741935,0.0632911392405063,0,0.278481012658228,0.706624605678233,0.283387622149837,0.149206349206349,0.00327868852459016,0.77115987460815,0.598101265822785,0.73037542662116,0.617363344051447,0.00645161290322581,0.0645161290322581,0.751633986928105,0,0.667711598746082,0.722222222222222,0.75796178343949,0.237623762376238,0.733128834355828,0.743506493506494,0.0123839009287926,0.782051282051282,0.246006389776358,0.0689655172413793,0,0.0426829268292683,0.284375,0.7125,0.694630872483222,0.701587301587302,0.742138364779874,0.724683544303797,0.0222929936305732,0.299651567944251,0.0256410256410256,0.0031055900621118,0.265822784810127,0.794612794612795,0.762820512820513
"14",0.0548387096774194,0.003125,0.108196721311475,0.00617283950617284,0.0031055900621118,0.00320512820512821,0.00320512820512821,0.082018927444795,0.0711974110032362,0.94478527607362,0.332258064516129,0.00625,0.226837060702875,1,0.510903426791277,0,0.00336700336700337,0.0851735015772871,0.00321543408360129,0.0703363914373089,0.859424920127795,0.286604361370716,0.874617737003058,0.272727272727273,0.619672131147541,0.142405063291139,0.0778816199376947,0.0573248407643312,0.563076923076923,0.0521172638436482,0.41358024691358,0.0921052631578947,0.42483660130719,0.0861538461538462,0.745980707395498,0.0694006309148265,0.86038961038961,0.00325732899022801,0.964968152866242,0.419753086419753,0.0841423948220065,0.00320512820512821,0.191693290734824,0.0476190476190476,0.863492063492064,0.00311526479750779,0.961414790996785,0.773162939297125,0.121710526315789,0.324074074074074,0.105263157894737,0.00335570469798658,0.0841423948220065,0.0825396825396825,0.523026315789474,0.00332225913621262,0.0679012345679012,0.0031055900621118,0.00320512820512821,0,0.837662337662338,0.00318471337579618,0.00323624595469256,0.172955974842767,0,0.897435897435897,0.49079754601227,0.0841423948220065,0.185410334346505,0.949843260188088,0.00309597523219814,0,0.00321543408360129,0.00320512820512821,0.0289389067524116,0.229813664596273,0.850993377483444,0.0796178343949045,0.0952380952380952,0.809968847352025,0.059016393442623,0.00317460317460317
"15",0.569620253164557,0,0,0.0241691842900302,0,0,0,0.306990881458967,0.57051282051282,0.468085106382979,0.00619195046439629,0,0.069620253164557,0.510903426791277,1,0,0,0,0,0.574468085106383,0.506172839506173,0.379310344827586,0.447852760736196,0.750778816199377,0.778501628664495,0.666666666666667,0.605504587155963,0.5625,0.0972644376899696,0.543130990415335,0.148606811145511,0.607260726072607,0.059375,0.638297872340426,0.663461538461538,0.577981651376147,0.542056074766355,0,0.404984423676012,0.317220543806647,0.605678233438486,0,0.410658307210031,0.582043343653251,0.43167701863354,0,0.443425076452599,0.744408945686901,0.612179487179487,0.0152905198776758,0.193251533742331,0,0.137071651090343,0.588050314465409,0.990445859872611,0,0.529230769230769,0.00302114803625378,0,0,0.411575562700965,0,0,0.518292682926829,0.00313479623824451,0.596875,0.945121951219512,0.598070739549839,0.701183431952663,0.43558282208589,0,0,0,0,0,0.476780185758514,0.313725490196078,0.482866043613707,0.533742331288344,0.414330218068536,0.0126582278481013,0
"16",0,0.987616099071207,0.915857605177994,0.88785046728972,1,1,1,0.324159021406728,0,0,0.667711598746082,0.95625,0.761755485893417,0,0,1,0.983388704318937,0.87962962962963,1,0,0,0.398713826366559,0,0,0.00983606557377049,0,0,0,0.385093167701863,0,0.352564102564103,0,0.538709677419355,0,0,0,0,0.987096774193548,0,0,0,0.984126984126984,0.0793650793650794,0,0.113207547169811,0.98125,0,0,0,0.66875,0.639498432601881,0.986666666666667,0.728706624605678,0,0,1,0,0.950310559006211,0.984076433121019,1,0.0749185667752443,1,1,0.00309597523219814,0.933753943217666,0.0162337662337662,0,0,0,0.0186335403726708,0.987878787878788,1,0.974358974358974,1,0.874193548387097,0,0.0508474576271186,0,0,0,0.87987012987013,0.990625
"17",0,1,0.896551724137931,0.843648208469055,0.987538940809969,0.982993197278912,0.983277591973244,0.400651465798046,0,0,0.696666666666667,0.939799331103679,0.693333333333333,0.00336700336700337,0,0.983388704318937,1,0.858520900321543,0.986577181208054,0,0.00333333333333333,0.412371134020619,0,0,0.0136054421768707,0,0,0,0.365131578947368,0,0.334415584415584,0,0.566552901023891,0,0,0,0,1,0,0,0,0.996621621621622,0.0719178082191781,0,0.120805369127517,0.990228013029316,0,0,0,0.651465798045603,0.632786885245902,0.996389891696751,0.701694915254237,0,0,0.985964912280702,0.00325732899022801,0.954397394136808,0.993103448275862,0.99009900990099,0.0960264900662252,0.983388704318937,0.983050847457627,0,0.91304347826087,0.0202020202020202,0,0,0,0.0161812297734628,0.996732026143791,0.986159169550173,0.993311036789298,0.986798679867987,0.857615894039735,0,0.0486111111111111,0,0,0,0.855633802816901,0.996699669966997
"18",0,0.880733944954128,0.792880258899676,0.852307692307692,0.885196374622356,0.916666666666667,0.89375,0.2398753894081,0,0.0668693009118541,0.63125,0.91304347826087,0.711598746081505,0.0851735015772871,0,0.87962962962963,0.858520900321543,1,0.894080996884735,0,0,0.430817610062893,0.0747663551401869,0.003125,0,0,0,0,0.427692307692308,0,0.441640378548896,0,0.38801261829653,0,0.0857142857142857,0,0,0.863354037267081,0.102803738317757,0.08,0,0.858974358974359,0.188679245283019,0,0.207317073170732,0.873846153846154,0.104615384615385,0,0,0.714714714714715,0.634969325153374,0.875409836065574,0.731481481481482,0,0,0.90032154340836,0,0.83987915407855,0.871473354231975,0.883435582822086,0.0226537216828479,0.893617021276596,0.894080996884735,0.003003003003003,0.910493827160494,0.100609756097561,0,0,0,0.141993957703928,0.880368098159509,0.891803278688525,0.848580441640379,0.898148148148148,0.859424920127795,0.0335365853658537,0.117263843648208,0,0,0.0181818181818182,0.945161290322581,0.876160990712074
"19",0,0.987381703470032,0.908496732026144,0.866242038216561,1,1,1,0.338658146964856,0,0,0.659090909090909,0.958860759493671,0.741830065359477,0.00321543408360129,0,1,0.986577181208054,0.894080996884735,1,0,0,0.366013071895425,0,0,0.00662251655629139,0,0,0,0.361904761904762,0,0.364217252396166,0,0.535947712418301,0,0,0,0,0.986885245901639,0,0,0,0.98371335504886,0.0784313725490196,0,0.103559870550162,0.981072555205047,0,0,0,0.666666666666667,0.671875,0.986301369863014,0.739549839228296,0,0,1,0,0.946540880503145,0.983818770226537,1,0.0655737704918033,1,1,0.00314465408805031,0.935275080906149,0.0195439739413681,0,0,0,0.015527950310559,0.987841945288754,1,0.977198697068404,1,0.866013071895425,0,0.0479452054794521,0,0,0,0.892255892255892,0.990322580645161
"20",0.972136222910217,0,0,0.0818181818181818,0,0,0,0.547904191616767,0.971246006389776,0.0833333333333333,0,0,0.00925925925925926,0.0703363914373089,0.574468085106383,0,0,0,0,1,0.15527950310559,0.31974921630094,0.133333333333333,0.795527156549521,0.415032679738562,0.912225705329154,0.966565349544073,0.974522292993631,0.0301204819277108,0.993769470404984,0.240506329113924,0.974358974358974,0.00625,0.96969696969697,0.311111111111111,0.975155279503106,0.197530864197531,0,0.043613707165109,0.597014925373134,0.949044585987261,0,0.721362229102167,0.978056426332288,0.0306748466257669,0,0.0595611285266458,0.296529968454259,0.938709677419355,0.0149700598802395,0.261538461538462,0,0.136645962732919,0.917981072555205,0.567741935483871,0,0.94578313253012,0.0120845921450151,0,0,0.0977917981072555,0,0,0.856269113149847,0.00946372239747634,0.137931034482759,0.592024539877301,0.968553459119497,0.855421686746988,0.0362537764350453,0,0,0,0,0.0376175548589342,0.794478527607362,0.0555555555555556,0.955974842767296,0.927899686520376,0.148264984227129,0.00645161290322581,0
"21",0.165605095541401,0,0.0983606557377049,0.00630914826498423,0,0,0,0.0900621118012422,0.177993527508091,0.945859872611465,0.262987012987013,0.00630914826498423,0.208860759493671,0.859424920127795,0.506172839506173,0,0.00333333333333333,0,0,0.15527950310559,1,0.14968152866242,0.79874213836478,0.271844660194175,0.722044728434505,0.140127388535032,0.187301587301587,0.15506329113924,0.53582554517134,0.158064516129032,0.266881028938907,0.163461538461538,0.476190476190476,0.209230769230769,0.686274509803922,0.154088050314465,0.952380952380952,0,0.909967845659164,0.371951219512195,0.183870967741935,0.00649350649350649,0.054140127388535,0.152380952380952,0.770440251572327,0,0.839622641509434,0.858934169278997,0.226666666666667,0.214067278287462,0.0344827586206897,0,0.0408805031446541,0.185897435897436,0.516025641025641,0,0.193037974683544,0.00634920634920635,0,0,0.909090909090909,0,0,0.310769230769231,0,0.736507936507937,0.567901234567901,0.183006535947712,0.263636363636364,0.807926829268293,0,0,0.00949367088607595,0,0.032258064516129,0.309597523219814,0.857615894039735,0.19935691318328,0.229559748427673,0.938080495356037,0.00655737704918033,0
"22",0.330065359477124,0.369905956112853,0.403225806451613,0.297805642633229,0.370716510903427,0.355987055016181,0.370491803278689,0.429467084639498,0.362126245847176,0.248427672955975,0.55700325732899,0.348387096774194,0.352159468438538,0.286604361370716,0.379310344827586,0.398713826366559,0.412371134020619,0.430817610062893,0.366013071895425,0.31974921630094,0.14968152866242,1,0.148387096774194,0.459016393442623,0.201986754966887,0.415335463258786,0.358730158730159,0.29126213592233,0.246835443037975,0.305732484076433,0.358974358974359,0.341216216216216,0.396103896103896,0.359375,0.306397306397306,0.337620578778135,0.108626198083067,0.406666666666667,0.229032258064516,0.484177215189873,0.374592833876221,0.375,0.421052631578947,0.322683706070288,0.351791530944625,0.404458598726115,0.266881028938907,0.231511254019293,0.388704318936877,0.534810126582278,0.341538461538462,0.43448275862069,0.312703583061889,0.401960784313726,0.341137123745819,0.378839590443686,0.294303797468354,0.398119122257053,0.397394136807818,0.418300653594771,0.157190635451505,0.374193548387097,0.378640776699029,0.388535031847134,0.284345047923323,0.293159609120521,0.30625,0.361563517915309,0.424148606811146,0.337579617834395,0.401273885350318,0.356666666666667,0.425742574257426,0.408945686900958,0.245901639344262,0.480891719745223,0.187074829931973,0.281045751633987,0.35031847133758,0.0914826498422713,0.388513513513513,0.398753894080997
"23",0.115987460815047,0,0.114754098360656,0.0518292682926829,0,0,0,0.126543209876543,0.0695364238410596,0.835913312693498,0.300970873786408,0.0340557275541796,0.273584905660377,0.874617737003058,0.447852760736196,0,0,0.0747663551401869,0,0.133333333333333,0.79874213836478,0.148387096774194,1,0.204545454545455,0.618892508143323,0.128617363344051,0.100946372239748,0.113564668769716,0.621951219512195,0.148387096774194,0.490683229813665,0.0947712418300654,0.426751592356688,0.0740740740740741,0.725490196078431,0.0872274143302181,0.812101910828026,0,0.92,0.263803680981595,0.0645161290322581,0,0.210862619808307,0.0877742946708464,0.777429467084639,0,0.902597402597403,0.670926517571885,0.0491803278688525,0.252336448598131,0.152647975077882,0,0.10410094637224,0.0482315112540193,0.473509933774834,0,0.127725856697819,0.0153374233128834,0,0,0.810457516339869,0,0,0.0948012232415902,0.0507936507936508,0.863924050632911,0.442424242424242,0.0702875399361022,0.162576687116564,0.876923076923077,0,0,0,0,0.121794871794872,0.0920634920634921,0.884868421052632,0.19047619047619,0.0732484076433121,0.87888198757764,0.0918032786885246,0
"24",0.797385620915033,0,0,0.0184615384615385,0,0,0,0.537974683544304,0.875,0.220496894409938,0.0185185185185185,0.003125,0.0448717948717949,0.272727272727273,0.750778816199377,0,0,0.003125,0,0.795527156549521,0.271844660194175,0.459016393442623,0.204545454545455,1,0.485436893203884,0.888524590163934,0.83125,0.784126984126984,0.0125391849529781,0.785016286644951,0.1375,0.833887043189369,0.0262295081967213,0.843076923076923,0.392739273927393,0.816455696202532,0.287096774193548,0,0.168284789644013,0.584905660377358,0.867313915857605,0,0.634304207119741,0.822222222222222,0.174050632911392,0,0.210526315789474,0.427215189873418,0.859477124183007,0.0249221183800623,0.169753086419753,0,0.207006369426752,0.836538461538462,0.706070287539936,0,0.779141104294479,0.00313479623824451,0,0,0.186885245901639,0,0,0.761609907120743,0.00315457413249211,0.319354838709677,0.644444444444444,0.843949044585987,0.947530864197531,0.221884498480243,0,0,0.00317460317460317,0,0,0.751572327044025,0.0952380952380952,0.728125,0.775,0.184615384615385,0.0133333333333333,0
"25",0.415540540540541,0.00955414012738853,0.0572390572390572,0.0163398692810458,0.00961538461538462,0.00332225913621262,0.00986842105263158,0.124203821656051,0.368770764119601,0.66984126984127,0.121710526315789,0.00967741935483871,0.107744107744108,0.619672131147541,0.778501628664495,0.00983606557377049,0.0136054421768707,0,0.00662251655629139,0.415032679738562,0.722044728434505,0.201986754966887,0.618892508143323,0.485436893203884,1,0.436666666666667,0.447019867549669,0.418060200668896,0.289902280130293,0.388157894736842,0.231270358306189,0.483221476510067,0.247524752475248,0.504731861198738,0.878378378378378,0.42156862745098,0.716612377850163,0.00986842105263158,0.59344262295082,0.466453674121406,0.43046357615894,0.013745704467354,0.209459459459459,0.413114754098361,0.559870550161812,0.0131578947368421,0.599358974358974,0.891447368421053,0.428571428571429,0.0935483870967742,0.144262295081967,0.0072463768115942,0.0298013245033113,0.436893203883495,0.776666666666667,0.0068259385665529,0.40506329113924,0.0126582278481013,0.0132890365448505,0.0131147540983607,0.648464163822526,0.00983606557377049,0.0101010101010101,0.425324675324675,0.00996677740863787,0.680781758957655,0.854430379746835,0.418918918918919,0.485623003194888,0.555205047318612,0.00964630225080386,0.0137931034482759,0.0130718954248366,0.01,0.0303030303030303,0.407051282051282,0.559859154929577,0.369774919614148,0.388704318936877,0.673076923076923,0.00986842105263158,0.00655737704918033
"26",0.900990099009901,0,0,0.0636942675159236,0,0,0,0.536277602523659,0.940983606557377,0.104430379746835,0.0159744408945687,0,0,0.142405063291139,0.666666666666667,0,0,0,0,0.912225705329154,0.140127388535032,0.415335463258786,0.128617363344051,0.888524590163934,0.436666666666667,1,0.941368078175896,0.909090909090909,0,0.897959183673469,0.264516129032258,0.942372881355932,0.00647249190938511,0.917721518987342,0.312292358803987,0.944262295081967,0.19811320754717,0,0.0586319218241042,0.64,0.924590163934426,0,0.782051282051282,0.912903225806452,0.0638977635782748,0,0.0993377483443709,0.296774193548387,0.921501706484642,0.0189873417721519,0.297124600638978,0,0.185667752442997,0.915584415584416,0.645901639344262,0,0.882716049382716,0.00306748466257669,0,0,0.0592105263157895,0,0,0.828025477707006,0.00645161290322581,0.234527687296417,0.571875,0.954098360655738,0.876923076923077,0.112179487179487,0,0,0,0,0,0.791925465838509,0.0169491525423729,0.835483870967742,0.858064516129032,0.0838509316770186,0,0
"27",0.949044585987261,0,0,0.065015479876161,0,0,0,0.524691358024691,0.996774193548387,0.113149847094801,0,0,0.00320512820512821,0.0778816199376947,0.605504587155963,0,0,0,0,0.966565349544073,0.187301587301587,0.358730158730159,0.100946372239748,0.83125,0.447019867549669,0.941368078175896,1,0.964968152866242,0,0.958199356913183,0.226415094339623,0.993243243243243,0.00964630225080386,0.987538940809969,0.327974276527331,0.993865030674847,0.221183800623053,0,0.0411392405063291,0.648318042813456,0.971428571428571,0,0.75974025974026,0.977707006369427,0.0575079872204473,0,0.0668789808917197,0.320388349514563,0.963455149501661,0.0185758513931889,0.243827160493827,0,0.13166144200627,0.942675159235669,0.589905362776025,0,0.935185185185185,0.00309597523219814,0,0,0.089171974522293,0,0,0.888198757763975,0.00943396226415094,0.164556962025316,0.601226993865031,0.996784565916399,0.86969696969697,0.05625,0,0,0,0,0.00636942675159236,0.827692307692308,0.0236486486486486,0.89873417721519,0.940438871473354,0.129032258064516,0,0
"28",1,0,0,0.0846394984326019,0,0,0,0.515822784810127,0.97682119205298,0.077639751552795,0,0,0,0.0573248407643312,0.5625,0,0,0,0,0.974522292993631,0.15506329113924,0.29126213592233,0.113564668769716,0.784126984126984,0.418060200668896,0.909090909090909,0.964968152866242,1,0.0159235668789809,0.973244147157191,0.233766233766234,0.976351351351351,0.0228758169934641,0.984423676012461,0.33003300330033,0.974358974358974,0.204472843450479,0,0.019047619047619,0.607594936708861,0.970198675496689,0,0.711974110032362,1,0.0126582278481013,0,0.0258064516129032,0.294498381877023,0.932885906040268,0.0158227848101266,0.257861635220126,0,0.116129032258065,0.925806451612903,0.559870550161812,0,0.981481481481482,0.0283018867924528,0,0,0.124590163934426,0,0,0.869969040247678,0.012987012987013,0.122516556291391,0.575,0.974025974025974,0.83641975308642,0.00623052959501558,0,0,0,0,0.0258064516129032,0.787692307692308,0.0561056105610561,0.938906752411576,0.952830188679245,0.166144200626959,0,0
"29",0.0255591054313099,0.351351351351351,0.464285714285714,0.348484848484849,0.346268656716418,0.357827476038339,0.320754716981132,0.187692307692308,0,0.558912386706949,0.659375,0.391849529780564,0.498422712933754,0.563076923076923,0.0972644376899696,0.385093167701863,0.365131578947368,0.427692307692308,0.361904761904762,0.0301204819277108,0.53582554517134,0.246835443037975,0.621951219512195,0.0125391849529781,0.289902280130293,0,0,0.0159235668789809,1,0.0384615384615385,0.516923076923077,0,0.641025641025641,0.00306748466257669,0.375,0.00309597523219814,0.517133956386293,0.370607028753994,0.680511182108626,0.262839879154079,0,0.35031847133758,0.0990415335463259,0.0126984126984127,0.585365853658537,0.338557993730408,0.633540372670807,0.334384858044164,0.00977198697068404,0.524390243902439,0.160493827160494,0.343434343434343,0.205607476635514,0,0.117088607594937,0.345276872964169,0.0251572327044025,0.364741641337386,0.33015873015873,0.331269349845201,0.567741935483871,0.332298136645963,0.340909090909091,0.060790273556231,0.404388714733542,0.52411575562701,0.114197530864198,0,0.00604229607250755,0.629283489096573,0.365030674846626,0.324675324675325,0.349056603773585,0.340694006309148,0.450793650793651,0.08125,0.708196721311475,0.090625,0.0246913580246914,0.599378881987578,0.463815789473684,0.382445141065831
"30",0.966996699669967,0,0,0.084375,0,0,0,0.553459119496855,0.967105263157895,0.0920634920634921,0,0,0.0132013201320132,0.0521172638436482,0.543130990415335,0,0,0,0,0.993769470404984,0.158064516129032,0.305732484076433,0.148387096774194,0.785016286644951,0.388157894736842,0.897959183673469,0.958199356913183,0.973244147157191,0.0384615384615385,1,0.205211726384365,0.963210702341137,0.025974025974026,0.965732087227414,0.287162162162162,0.96474358974359,0.216393442622951,0,0.0553745928338762,0.585987261146497,0.934426229508197,0,0.720930232558139,0.963934426229508,0.021671826625387,0,0.0553745928338762,0.283387622149837,0.924590163934426,0.00638977635782748,0.227129337539432,0,0.141479099678457,0.909967845659164,0.553745928338762,0,0.95583596214511,0.00961538461538462,0,0,0.111475409836066,0,0,0.884615384615385,0.0193548387096774,0.126623376623377,0.571428571428571,0.960655737704918,0.850931677018634,0.0313479623824451,0,0,0,0,0.0496688741721854,0.795527156549521,0.0711864406779661,0.947712418300654,0.936305732484076,0.176848874598071,0.0134228187919463,0
"31",0.198051948051948,0.342507645259939,0.478125,0.428571428571429,0.324159021406728,0.370253164556962,0.353697749196141,0.108695652173913,0.163009404388715,0.327160493827161,0.605177993527508,0.365930599369085,0.540880503144654,0.41358024691358,0.148606811145511,0.352564102564103,0.334415584415584,0.441640378548896,0.364217252396166,0.240506329113924,0.266881028938907,0.358974358974359,0.490683229813665,0.1375,0.231270358306189,0.264516129032258,0.226415094339623,0.233766233766234,0.516923076923077,0.205211726384365,1,0.219269102990033,0.410658307210031,0.163009404388715,0.284789644012945,0.236760124610592,0.294303797468354,0.330097087378641,0.464396284829721,0.375776397515528,0.172523961661342,0.335443037974684,0.401898734177215,0.192307692307692,0.323899371069182,0.362229102167183,0.470404984423676,0.134796238244514,0.137254901960784,0.598746081504702,0.698757763975155,0.344709897610922,0.39375,0.171339563862928,0.136363636363636,0.372093023255814,0.185758513931889,0.269938650306748,0.382911392405063,0.389240506329114,0.270358306188925,0.376947040498442,0.361022364217252,0.154798761609907,0.380645161290323,0.506289308176101,0.0804953560371517,0.167192429022082,0.0960960960960961,0.480122324159021,0.352941176470588,0.352159468438538,0.340836012861736,0.371517027863777,0.365384615384615,0.172413793103448,0.385906040268456,0.238095238095238,0.143302180685358,0.328220858895706,0.442622950819672,0.354632587859425
"32",0.966216216216216,0,0,0.0716612377850163,0,0,0,0.525083612040134,0.996621621621622,0.110749185667752,0,0,0.00334448160535117,0.0921052631578947,0.607260726072607,0,0,0,0,0.974358974358974,0.163461538461538,0.341216216216216,0.0947712418300654,0.833887043189369,0.483221476510067,0.942372881355932,0.993243243243243,0.976351351351351,0,0.963210702341137,0.219269102990033,1,0.00980392156862745,0.996845425867508,0.389261744966443,0.993288590604027,0.211221122112211,0,0.043046357615894,0.674267100977199,0.965635738831615,0,0.746575342465753,0.97682119205298,0.0431893687707641,0,0.066006600660066,0.334448160535117,0.975524475524476,0.0228013029315961,0.255737704918033,0,0.132013201320132,0.947540983606557,0.597359735973597,0,0.942675159235669,0,0,0,0.0777027027027027,0,0,0.881028938906752,0.00673400673400673,0.186046511627907,0.627009646302251,0.996655518394649,0.884615384615385,0.0488599348534202,0,0,0,0,0,0.826229508196721,0.0246478873239437,0.912457912457912,0.927835051546392,0.11400651465798,0,0
"33",0.0427631578947368,0.512738853503185,0.63036303630363,0.35423197492163,0.531055900621118,0.465573770491803,0.508196721311475,0.370253164556962,0.0131578947368421,0.46875,0.722222222222222,0.469648562300319,0.467741935483871,0.42483660130719,0.059375,0.538709677419355,0.566552901023891,0.38801261829653,0.535947712418301,0.00625,0.476190476190476,0.396103896103896,0.426751592356688,0.0262295081967213,0.247524752475248,0.00647249190938511,0.00964630225080386,0.0228758169934641,0.641025641025641,0.025974025974026,0.410658307210031,0.00980392156862745,1,0.0156739811912226,0.231023102310231,0.0126984126984127,0.422222222222222,0.557755775577558,0.490506329113924,0.209375,0.0334448160535117,0.557692307692308,0.0164473684210526,0.0258899676375405,0.467948717948718,0.54140127388535,0.442307692307692,0.257425742574257,0.0261437908496732,0.5125,0.25,0.559322033898305,0.247588424437299,0.0487012987012987,0.067741935483871,0.498327759197324,0.0685358255451713,0.549206349206349,0.526984126984127,0.525641025641026,0.573825503355705,0.49685534591195,0.486928104575163,0.106583072100313,0.39413680781759,0.331189710610932,0.0846394984326019,0.00967741935483871,0.0372670807453416,0.425396825396825,0.539184952978056,0.486666666666667,0.557377049180328,0.511475409836066,0.401929260450161,0.120634920634921,0.536666666666667,0.0774193548387097,0.0739549839228296,0.476489028213166,0.402640264026403,0.544303797468354
"34",0.9875,0,0,0.0526315789473684,0,0,0,0.48,0.993610223642173,0.117647058823529,0,0,0,0.0861538461538462,0.638297872340426,0,0,0,0,0.96969696969697,0.209230769230769,0.359375,0.0740740740740741,0.843076923076923,0.504731861198738,0.917721518987342,0.987538940809969,0.984423676012461,0.00306748466257669,0.965732087227414,0.163009404388715,0.996845425867508,0.0156739811912226,1,0.388535031847134,0.990654205607477,0.266457680250784,0,0.028391167192429,0.658536585365854,0.971875,0,0.666666666666667,0.990712074303406,0.031055900621118,0,0.0557275541795666,0.391304347826087,0.980891719745223,0.0122324159021407,0.197568389057751,0,0.123456790123457,0.956386292834891,0.624605678233438,0,0.95166163141994,0,0,0,0.121405750798722,0,0,0.913846153846154,0.00625,0.145569620253165,0.670731707317073,0.993808049535604,0.898507462686567,0.0304878048780488,0,0,0,0,0,0.853211009174312,0.0297029702970297,0.913312693498452,0.959501557632399,0.164133738601824,0,0
"35",0.30952380952381,0,0.0371621621621622,0.0163398692810458,0,0,0,0.0751633986928105,0.296666666666667,0.779220779220779,0.196666666666667,0,0.149006622516556,0.745980707395498,0.663461538461538,0,0,0.0857142857142857,0,0.311111111111111,0.686274509803922,0.306397306397306,0.725490196078431,0.392739273927393,0.878378378378378,0.312292358803987,0.327974276527331,0.33003300330033,0.375,0.287162162162162,0.284789644012945,0.389261744966443,0.231023102310231,0.388535031847134,1,0.308681672025723,0.705298013245033,0,0.708196721311475,0.533762057877814,0.32890365448505,0,0.267326732673267,0.308196721311475,0.69205298013245,0,0.720779220779221,0.854304635761589,0.317567567567568,0.206451612903226,0.128617363344051,0,0.0289389067524116,0.343234323432343,0.703448275862069,0,0.296774193548387,0,0,0,0.641891891891892,0,0,0.314285714285714,0,0.8,0.772870662460568,0.317725752508361,0.428115015974441,0.692556634304207,0,0,0,0,0.0168350168350168,0.343042071197411,0.654109589041096,0.26,0.291803278688525,0.663398692810457,0.0610169491525424,0
"36",0.964856230031949,0,0,0.0773993808049536,0,0,0,0.512345679012346,0.996825396825397,0.100917431192661,0,0,0,0.0694006309148265,0.577981651376147,0,0,0,0,0.975155279503106,0.154088050314465,0.337620578778135,0.0872274143302181,0.816455696202532,0.42156862745098,0.944262295081967,0.993865030674847,0.974358974358974,0.00309597523219814,0.96474358974359,0.236760124610592,0.993288590604027,0.0126984126984127,0.990654205607477,0.308681672025723,1,0.205211726384365,0,0.0368098159509202,0.635514018691589,0.96474358974359,0,0.773584905660377,0.980769230769231,0.0509554140127389,0,0.0662460567823344,0.300632911392405,0.964630225080386,0.0153374233128834,0.247706422018349,0,0.145161290322581,0.944983818770227,0.56782334384858,0,0.93730407523511,0,0,0,0.0737179487179487,0,0,0.9,0.0126984126984127,0.133333333333333,0.59190031152648,1,0.867867867867868,0.050314465408805,0,0,0,0,0.00970873786407767,0.842592592592593,0.0232558139534884,0.905063291139241,0.953125,0.131901840490798,0,0
